,date_nk,dauli_x,dau_x,classic,dauli_y,dau_y,panamera,dauli,dau,dauli_dau
0,2019-01-02,808619,1225830,1,0.0,0.0,0.0,808619.0,1225830.0,65.96501961935995
1,2019-01-03,815417,1236145,1,0.0,0.0,0.0,815417.0,1236145.0,65.96451063588819
2,2019-01-04,807321,1214973,1,0.0,0.0,0.0,807321.0,1214973.0,66.44764945393848
3,2019-01-05,804309,1167912,1,0.0,0.0,0.0,804309.0,1167912.0,68.86726054702751
4,2019-01-06,804624,1151483,1,0.0,0.0,0.0,804624.0,1151483.0,69.87719315005084
5,2019-01-07,820710,1245448,1,0.0,0.0,0.0,820710.0,1245448.0,65.89676967645377
6,2019-01-08,825793,1250736,1,0.0,0.0,0.0,825793.0,1250736.0,66.02456473628328
7,2019-01-09,820210,1239615,1,0.0,0.0,0.0,820210.0,1239615.0,66.16651137651608
8,2019-01-10,816055,1229379,1,0.0,0.0,0.0,816055.0,1229379.0,66.37944848578023
9,2019-01-11,803123,1206296,1,0.0,0.0,0.0,803123.0,1206296.0,66.5776061596822
10,2019-01-12,805549,1165163,1,0.0,0.0,0.0,805549.0,1165163.0,69.13616378137651
11,2019-01-13,810525,1158476,1,0.0,0.0,0.0,810525.0,1158476.0,69.96476405208222
12,2019-01-14,820986,1245407,1,0.0,0.0,0.0,820986.0,1245407.0,65.9211004916465
13,2019-01-15,821623,1244774,1,0.0,0.0,0.0,821623.0,1244774.0,66.00579703624915
14,2019-01-16,807670,1223115,1,0.0,0.0,0.0,807670.0,1223115.0,66.0338561786913
15,2019-01-17,801796,1212456,1,0.0,0.0,0.0,801796.0,1212456.0,66.12990492026103
16,2019-01-18,790298,1188874,1,0.0,0.0,0.0,790298.0,1188874.0,66.47449603574475
17,2019-01-19,796725,1153212,1,0.0,0.0,0.0,796725.0,1153212.0,69.08747047377238
18,2019-01-20,804615,1147534,1,0.0,0.0,0.0,804615.0,1147534.0,70.11687671127828
19,2019-01-21,830635,1260853,1,0.0,0.0,0.0,830635.0,1260853.0,65.87881378717424
20,2019-01-22,823464,1244538,1,0.0,0.0,0.0,823464.0,1244538.0,66.16624000231411
21,2019-01-23,809735,1217084,1,0.0,0.0,0.0,809735.0,1217084.0,66.53074068839948
22,2019-01-24,808034,1215047,1,0.0,0.0,0.0,808034.0,1215047.0,66.50228345076363
23,2019-01-25,797638,1187293,1,0.0,0.0,0.0,797638.0,1187293.0,67.18122653801547
24,2019-01-26,795140,1145784,1,0.0,0.0,0.0,795140.0,1145784.0,69.3970242209701
25,2019-01-27,807272,1144975,1,0.0,0.0,0.0,807272.0,1144975.0,70.50564422803991
26,2019-01-28,822179,1236194,1,0.0,0.0,0.0,822179.0,1236194.0,66.50889747078533
27,2019-01-29,820395,1235543,1,0.0,0.0,0.0,820395.0,1235543.0,66.3995506429157
28,2019-01-30,812968,1221251,1,0.0,0.0,0.0,812968.0,1221251.0,66.56846135642877
29,2019-01-31,810298,1212997,1,0.0,0.0,0.0,810298.0,1212997.0,66.80131937671734
30,2019-02-01,798429,1186593,1,0.0,0.0,0.0,798429.0,1186593.0,67.28751981513459
31,2019-02-02,792807,1139509,1,0.0,0.0,0.0,792807.0,1139509.0,69.57443951737108
32,2019-02-03,801253,1137649,1,0.0,0.0,0.0,801253.0,1137649.0,70.43059854137788
33,2019-02-04,807713,1208184,1,0.0,0.0,0.0,807713.0,1208184.0,66.85347596061527
34,2019-02-05,809463,1156133,1,0.0,0.0,0.0,809463.0,1156133.0,70.01469554108394
35,2019-02-06,814663,1227202,1,0.0,0.0,0.0,814663.0,1227202.0,66.38377382044683
36,2019-02-07,813393,1224559,1,0.0,0.0,0.0,813393.0,1224559.0,66.42334097417928
37,2019-02-08,803866,1199241,1,0.0,0.0,0.0,803866.0,1199241.0,67.03123058667941
38,2019-02-09,800059,1151410,1,0.0,0.0,0.0,800059.0,1151410.0,69.48515298633849
39,2019-02-10,804692,1141780,1,0.0,0.0,0.0,804692.0,1141780.0,70.47697454851198
40,2019-02-11,805099,1214195,1,0.0,0.0,0.0,805099.0,1214195.0,66.30722412792014
41,2019-02-12,830293,1247699,1,0.0,0.0,0.0,830293.0,1247699.0,66.54593776223273
42,2019-02-13,821379,1229648,1,0.0,0.0,0.0,821379.0,1229648.0,66.79789663383342
43,2019-02-14,809362,1214858,1,0.0,0.0,0.0,809362.0,1214858.0,66.62194264679493
44,2019-02-15,805853,1197171,1,0.0,0.0,0.0,805853.0,1197171.0,67.31310731716688
45,2019-02-16,800848,1147215,1,0.0,0.0,0.0,800848.0,1147215.0,69.80801331921218
46,2019-02-17,794621,1122093,1,0.0,0.0,0.0,794621.0,1122093.0,70.81596623452779
47,2019-02-18,802748,1200813,1,0.0,0.0,0.0,802748.0,1200813.0,66.85037553724018
48,2019-02-19,813563,1219742,1,0.0,0.0,0.0,813563.0,1219742.0,66.69959712791722
49,2019-02-20,816956,1221301,1,0.0,0.0,0.0,816956.0,1221301.0,66.89227307600665
50,2019-02-21,807289,1208063,1,0.0,0.0,0.0,807289.0,1208063.0,66.82507452012022
51,2019-02-22,792248,1179981,1,0.0,0.0,0.0,792248.0,1179981.0,67.14074209669477
52,2019-02-23,792948,1140054,1,0.0,0.0,0.0,792948.0,1140054.0,69.5535474635412
53,2019-02-24,788799,1118678,1,0.0,0.0,0.0,788799.0,1118678.0,70.51171114476195
54,2019-02-25,811225,1222791,1,0.0,0.0,0.0,811225.0,1222791.0,66.34208135323208
55,2019-02-26,811999,1219719,1,0.0,0.0,0.0,811999.0,1219719.0,66.5726286136397
56,2019-02-27,812454,1216082,1,0.0,0.0,0.0,812454.0,1216082.0,66.8091460937667
57,2019-02-28,807439,1207326,1,0.0,0.0,0.0,807439.0,1207326.0,66.87829136455275
58,2019-03-01,800164,1186498,1,0.0,0.0,0.0,800164.0,1186498.0,67.43913601202868
59,2019-03-02,797495,1140381,1,0.0,0.0,0.0,797495.0,1140381.0,69.9323296336926
60,2019-03-03,807102,1141450,1,0.0,0.0,0.0,807102.0,1141450.0,70.708484821937
61,2019-03-04,813227,1216027,1,0.0,0.0,0.0,813227.0,1216027.0,66.87573548942581
62,2019-03-05,816036,1215433,1,0.0,0.0,0.0,816036.0,1215433.0,67.1395296984696
63,2019-03-06,788367,1174450,1,0.0,0.0,0.0,788367.0,1174450.0,67.12648473753671
64,2019-03-07,780395,1108910,1,0.0,0.0,0.0,780395.0,1108910.0,70.3749628013094
65,2019-03-08,786879,1170228,1,0.0,0.0,0.0,786879.0,1170228.0,67.2415119104995
66,2019-03-09,793613,1140720,1,0.0,0.0,0.0,793613.0,1140720.0,69.57123571077915
67,2019-03-10,788346,1116032,1,0.0,0.0,0.0,788346.0,1116032.0,70.6382971097603
68,2019-03-11,944660,1417630,1,0.0,0.0,0.0,944660.0,1417630.0,66.63656948569091
69,2019-03-12,825263,1237559,1,0.0,0.0,0.0,825263.0,1237559.0,66.68473987906839
70,2019-03-13,799329,1197382,1,0.0,0.0,0.0,799329.0,1197382.0,66.75639019126727
71,2019-03-14,802087,1201309,1,0.0,0.0,0.0,802087.0,1201309.0,66.76775084511978
72,2019-03-15,769175,1143913,1,0.0,0.0,0.0,769175.0,1143913.0,67.24069050705779
73,2019-03-16,774577,1111854,1,0.0,0.0,0.0,774577.0,1111854.0,69.66535174582275
74,2019-03-17,781283,1106066,1,0.0,0.0,0.0,781283.0,1106066.0,70.63620073304848
75,2019-03-18,799607,1197536,1,0.0,0.0,0.0,799607.0,1197536.0,66.77101982737888
76,2019-03-19,806248,1208896,1,0.0,0.0,0.0,806248.0,1208896.0,66.6929165122558
77,2019-03-20,799882,1194697,1,0.0,0.0,0.0,799882.0,1194697.0,66.95270851102832
78,2019-03-21,798536,1194178,1,0.0,0.0,0.0,798536.0,1194178.0,66.86909321725906
79,2019-03-22,782190,1159060,1,0.0,0.0,0.0,782190.0,1159060.0,67.48485841975393
80,2019-03-23,776974,1112585,1,0.0,0.0,0.0,776974.0,1112585.0,69.83502384087508
81,2019-03-24,781234,1103120,1,0.0,0.0,0.0,781234.0,1103120.0,70.82040031909493
82,2019-03-25,796066,1191148,1,0.0,0.0,0.0,796066.0,1191148.0,66.831829461998
83,2019-03-26,802471,1201794,1,0.0,0.0,0.0,802471.0,1201794.0,66.77275806003358
84,2019-03-27,794295,1184253,1,0.0,0.0,0.0,794295.0,1184253.0,67.07139437265516
85,2019-03-28,794246,1182304,1,0.0,0.0,0.0,794246.0,1182304.0,67.17781551952797
86,2019-03-29,757295,1118968,1,0.0,0.0,0.0,757295.0,1118968.0,67.6779854294314
87,2019-03-30,768433,1099847,1,0.0,0.0,0.0,768433.0,1099847.0,69.86726335572129
88,2019-03-31,767535,1083128,1,0.0,0.0,0.0,767535.0,1083128.0,70.86281584448007
89,2019-04-01,783518,1164629,1,0.0,0.0,0.0,783518.0,1164629.0,67.27618838273818
90,2019-04-02,785017,1165579,1,0.0,0.0,0.0,785017.0,1165579.0,67.34996083491552
91,2019-04-03,791396,1117620,1,0.0,0.0,0.0,791396.0,1117620.0,70.81083015694064
92,2019-04-04,798807,1182599,1,0.0,0.0,0.0,798807.0,1182599.0,67.54673393094363
93,2019-04-05,788755,1161801,1,0.0,0.0,0.0,788755.0,1161801.0,67.89071450274187
94,2019-04-06,782021,1110869,1,0.0,0.0,0.0,782021.0,1110869.0,70.39722955632031
95,2019-04-07,772169,1083512,1,0.0,0.0,0.0,772169.0,1083512.0,71.2653851549406
96,2019-04-08,793152,1175932,1,0.0,0.0,0.0,793152.0,1175932.0,67.44879805975175
97,2019-04-09,786411,1165049,1,0.0,0.0,0.0,786411.0,1165049.0,67.50025106240167
98,2019-04-10,775681,1149689,1,0.0,0.0,0.0,775681.0,1149689.0,67.46876764064021
99,2019-04-11,769942,1141094,1,0.0,0.0,0.0,769942.0,1141094.0,67.4740205451961
100,2019-04-12,748409,1098815,1,0.0,0.0,0.0,748409.0,1098815.0,68.11055546202044
101,2019-04-13,731297,1038053,1,0.0,0.0,0.0,731297.0,1038053.0,70.44890771473132
102,2019-04-14,739461,1039400,1,0.0,0.0,0.0,739461.0,1039400.0,71.14306330575332
103,2019-04-15,756070,1121307,1,0.0,0.0,0.0,756070.0,1121307.0,67.42756444042533
104,2019-04-16,730250,1084153,1,0.0,0.0,0.0,730250.0,1084153.0,67.3567291701448
105,2019-04-17,633379,894680,1,0.0,0.0,0.0,633379.0,894680.0,70.79391514284437
106,2019-04-18,684380,1009339,1,0.0,0.0,0.0,684380.0,1009339.0,67.80477124137678
107,2019-04-19,721209,1013677,1,0.0,0.0,0.0,721209.0,1013677.0,71.14781138370506
108,2019-04-20,727952,1032954,1,0.0,0.0,0.0,727952.0,1032954.0,70.47283809346786
109,2019-04-21,744442,1044571,1,0.0,0.0,0.0,744442.0,1044571.0,71.2677261765835
110,2019-04-22,763109,1132440,1,0.0,0.0,0.0,763109.0,1132440.0,67.38626328988732
111,2019-04-23,774219,1150744,1,0.0,0.0,0.0,774219.0,1150744.0,67.27986415744944
112,2019-04-24,768154,1139782,1,0.0,0.0,0.0,768154.0,1139782.0,67.39481760547193
113,2019-04-25,762581,1128589,1,0.0,0.0,0.0,762581.0,1128589.0,67.56941632427748
114,2019-04-26,751633,1104764,1,0.0,0.0,0.0,751633.0,1104764.0,68.0356166565891
115,2019-04-27,745106,1058141,1,0.0,0.0,0.0,745106.0,1058141.0,70.41651348922308
116,2019-04-28,750104,1051212,1,0.0,0.0,0.0,750104.0,1051212.0,71.35611085109379
117,2019-04-29,767211,1135598,1,0.0,0.0,0.0,767211.0,1135598.0,67.56008728440874
118,2019-04-30,749379,1108271,1,0.0,0.0,0.0,749379.0,1108271.0,67.61694567483946
119,2019-05-01,750165,1053280,1,0.0,0.0,0.0,750165.0,1053280.0,71.22180236974025
120,2019-05-02,747530,1107467,1,0.0,0.0,0.0,747530.0,1107467.0,67.4990767219249
121,2019-05-03,743055,1093955,1,0.0,0.0,0.0,743055.0,1093955.0,67.9237262958714
122,2019-05-04,744639,1058755,1,0.0,0.0,0.0,744639.0,1058755.0,70.33156868208414
123,2019-05-05,739250,1034315,1,0.0,0.0,0.0,739250.0,1034315.0,71.472423778056
124,2019-05-06,753560,1118627,1,0.0,0.0,0.0,753560.0,1118627.0,67.36472479208886
125,2019-05-07,816123,1200806,1,0.0,0.0,0.0,816123.0,1200806.0,67.96460044336887
126,2019-05-08,775295,1148616,1,0.0,0.0,0.0,775295.0,1148616.0,67.49818912499913
127,2019-05-09,765178,1134954,1,0.0,0.0,0.0,765178.0,1134954.0,67.41929628866016
128,2019-05-10,774584,1139438,1,0.0,0.0,0.0,774584.0,1139438.0,67.97947760211613
129,2019-05-11,788382,1121008,1,0.0,0.0,0.0,788382.0,1121008.0,70.32795484064343
130,2019-05-12,793682,1114603,1,0.0,0.0,0.0,793682.0,1114603.0,71.20759588840151
131,2019-05-13,792954,1177805,1,0.0,0.0,0.0,792954.0,1177805.0,67.32472692848137
132,2019-05-14,844515,1240952,1,0.0,0.0,0.0,844515.0,1240952.0,68.05380063048369
133,2019-05-15,788792,1168469,1,0.0,0.0,0.0,788792.0,1168469.0,67.50645502790404
134,2019-05-16,776587,1148783,1,0.0,0.0,0.0,776587.0,1148783.0,67.60084367543739
135,2019-05-17,770393,1131854,1,0.0,0.0,0.0,770393.0,1131854.0,68.06469739029946
136,2019-05-18,772666,1095866,1,0.0,0.0,0.0,772666.0,1095866.0,70.50734305106646
137,2019-05-19,779639,1090175,1,0.0,0.0,0.0,779639.0,1090175.0,71.5150319902768
138,2019-05-20,782310,1155795,1,0.0,0.0,0.0,782310.0,1155795.0,67.68587855112715
139,2019-05-21,790601,1157804,1,0.0,0.0,0.0,790601.0,1157804.0,68.28452829667198
140,2019-05-22,744778,1095425,1,0.0,0.0,0.0,744778.0,1095425.0,67.98986694661889
141,2019-05-23,794734,1181142,1,0.0,0.0,0.0,794734.0,1181142.0,67.28522057466418
142,2019-05-24,801797,1184038,1,0.0,0.0,0.0,801797.0,1184038.0,67.71716786116662
143,2019-05-25,783030,1114379,1,0.0,0.0,0.0,783030.0,1114379.0,70.26604054814385
144,2019-05-26,767223,1073450,1,0.0,0.0,0.0,767223.0,1073450.0,71.47263496203828
145,2019-05-27,767378,1136366,1,0.0,0.0,0.0,767378.0,1136366.0,67.52912353942304
146,2019-05-28,769193,1136441,1,0.0,0.0,0.0,769193.0,1136441.0,67.68437604767867
147,2019-05-29,741624,1095141,1,0.0,0.0,0.0,741624.0,1095141.0,67.71949913298836
148,2019-05-30,743937,1045931,1,0.0,0.0,0.0,743937.0,1045931.0,71.1267760492805
149,2019-05-31,731755,1061811,1,0.0,0.0,0.0,731755.0,1061811.0,68.91574865960138
150,2019-06-01,715007,1000913,1,0.0,0.0,0.0,715007.0,1000913.0,71.43547940730114
151,2019-06-02,703501,982083,1,0.0,0.0,0.0,703501.0,982083.0,71.63355846705421
152,2019-06-03,686284,967931,1,0.0,0.0,0.0,686284.0,967931.0,70.90216141439835
153,2019-06-04,622356,878022,1,0.0,0.0,0.0,622356.0,878022.0,70.88159522198761
154,2019-06-05,546376,765650,1,0.0,0.0,0.0,546376.0,765650.0,71.361065761118
155,2019-06-06,608296,853283,1,0.0,0.0,0.0,608296.0,853283.0,71.28889243076448
156,2019-06-07,657050,929662,1,0.0,0.0,0.0,657050.0,929662.0,70.6762242621512
157,2019-06-08,673562,951672,1,0.0,0.0,0.0,673562.0,951672.0,70.7766961726309
158,2019-06-09,699707,984817,1,0.0,0.0,0.0,699707.0,984817.0,71.0494437037541
159,2019-06-10,754840,1120166,1,0.0,0.0,0.0,754840.0,1120166.0,67.38644093821809
160,2019-06-11,779856,1163067,1,0.0,0.0,0.0,779856.0,1163067.0,67.051683179043
161,2019-06-12,786500,1173345,1,0.0,0.0,0.0,786500.0,1173345.0,67.03058350272086
162,2019-06-13,796315,1187212,1,0.0,0.0,0.0,796315.0,1187212.0,67.07437256361965
163,2019-06-14,782813,1158342,1,0.0,0.0,0.0,782813.0,1158342.0,67.58047277919647
164,2019-06-15,772135,1100429,1,0.0,0.0,0.0,772135.0,1100429.0,70.16672588599538
165,2019-06-16,769828,1079712,1,0.0,0.0,0.0,769828.0,1079712.0,71.29938353931419
166,2019-06-17,796212,1187616,1,0.0,0.0,0.0,796212.0,1187616.0,67.04288254789427
167,2019-06-18,798065,1191270,1,0.0,0.0,0.0,798065.0,1191270.0,66.992789208156
168,2019-06-19,783981,1162370,1,0.0,0.0,0.0,783981.0,1162370.0,67.4467682407495
169,2019-06-20,782355,1159856,1,0.0,0.0,0.0,782355.0,1159856.0,67.45276999903437
170,2019-06-21,778003,1142113,1,0.0,0.0,0.0,778003.0,1142113.0,68.1196168855446
171,2019-06-22,778220,1102082,1,0.0,0.0,0.0,778220.0,1102082.0,70.61362040211165
172,2019-06-23,787588,1100373,1,0.0,0.0,0.0,787588.0,1100373.0,71.5746387815768
173,2019-06-24,815240,1210198,1,0.0,0.0,0.0,815240.0,1210198.0,67.36418338156236
174,2019-06-25,817510,1211202,1,0.0,0.0,0.0,817510.0,1211202.0,67.49576040990686
175,2019-06-26,807532,1193827,1,0.0,0.0,0.0,807532.0,1193827.0,67.64229658066034
176,2019-06-27,794658,1172892,1,0.0,0.0,0.0,794658.0,1172892.0,67.75201808862197
177,2019-06-28,802855,1176869,1,0.0,0.0,0.0,802855.0,1176869.0,68.2195724417926
178,2019-06-29,780186,1103756,1,0.0,0.0,0.0,780186.0,1103756.0,70.68464406988501
179,2019-06-30,771177,1075467,1,0.0,0.0,0.0,771177.0,1075467.0,71.70624482201686
180,2019-07-01,804164,1185375,1,0.0,0.0,0.0,804164.0,1185375.0,67.84047242433829
181,2019-07-02,824083,1216837,1,0.0,0.0,0.0,824083.0,1216837.0,67.7233680435424
182,2019-07-03,817053,1203577,1,0.0,0.0,0.0,817053.0,1203577.0,67.88539495188094
183,2019-07-04,817656,1203810,1,0.0,0.0,0.0,817656.0,1203810.0,67.9223465497047
184,2019-07-05,804810,1176446,1,0.0,0.0,0.0,804810.0,1176446.0,68.4102797748473
185,2019-07-06,787639,1110314,1,0.0,0.0,0.0,787639.0,1110314.0,70.93840120902736
186,2019-07-07,781604,1087834,1,0.0,0.0,0.0,781604.0,1087834.0,71.84956528293839
187,2019-07-08,814694,1204958,1,0.0,0.0,0.0,814694.0,1204958.0,67.61181717537042
188,2019-07-09,822991,1212577,1,0.0,0.0,0.0,822991.0,1212577.0,67.87123621840098
189,2019-07-10,818102,1202486,1,0.0,0.0,0.0,818102.0,1202486.0,68.03422243585372
190,2019-07-11,811140,1193606,1,0.0,0.0,0.0,811140.0,1193606.0,67.95709807088771
191,2019-07-12,808942,1178505,1,0.0,0.0,0.0,808942.0,1178505.0,68.64137190762874
192,2019-07-13,798008,1115797,1,0.0,0.0,0.0,798008.0,1115797.0,71.51910248907282
193,2019-07-14,798819,1103003,1,0.0,0.0,0.0,798819.0,1103003.0,72.42219649447917
194,2019-07-15,812955,1198861,1,0.0,0.0,0.0,812955.0,1198861.0,67.8106135740507
195,2019-07-16,819131,1202803,1,0.0,0.0,0.0,819131.0,1202803.0,68.10184211379587
196,2019-07-17,824890,1207613,1,0.0,0.0,0.0,824890.0,1207613.0,68.30747930007378
197,2019-07-18,814247,1194193,1,0.0,0.0,0.0,814247.0,1194193.0,68.18386977649341
198,2019-07-19,806372,1173026,1,0.0,0.0,0.0,806372.0,1173026.0,68.74289231440736
199,2019-07-20,800258,1125926,1,0.0,0.0,0.0,800258.0,1125926.0,71.07554137660912
200,2019-07-21,810510,1122512,1,0.0,0.0,0.0,810510.0,1122512.0,72.2050187436749
201,2019-07-22,827527,1216782,1,0.0,0.0,0.0,827527.0,1216782.0,68.00947088303411
202,2019-07-23,840363,1229032,1,0.0,0.0,0.0,840363.0,1229032.0,68.37600648315096
203,2019-07-24,849892,1237525,1,0.0,0.0,0.0,849892.0,1237525.0,68.6767540049696
204,2019-07-25,843868,1230536,1,0.0,0.0,0.0,843868.0,1230536.0,68.57727039273942
205,2019-07-26,836410,1211020,1,0.0,0.0,0.0,836410.0,1211020.0,69.06657198064443
206,2019-07-27,839070,1169567,1,0.0,0.0,0.0,839070.0,1169567.0,71.74193526322135
207,2019-07-28,838438,1158639,1,0.0,0.0,0.0,838438.0,1158639.0,72.36404091352009
208,2019-07-29,860137,1249794,1,0.0,0.0,0.0,860137.0,1249794.0,68.82230191535565
209,2019-07-30,872831,1263873,1,0.0,0.0,0.0,872831.0,1263873.0,69.06002422711775
210,2019-07-31,856910,1241436,1,0.0,0.0,0.0,856910.0,1241436.0,69.02570893706965
211,2019-08-01,838100,1212732,1,0.0,0.0,0.0,838100.0,1212732.0,69.10842626400556
212,2019-08-02,825321,1182870,1,0.0,0.0,0.0,825321.0,1182870.0,69.77275609323087
213,2019-08-03,791262,1101058,1,0.0,0.0,0.0,791262.0,1101058.0,71.86378919185003
214,2019-08-04,684838,944684,1,0.0,0.0,0.0,684838.0,944684.0,72.49387096637606
215,2019-08-05,771570,1115140,1,0.0,0.0,0.0,771570.0,1115140.0,69.19041555320408
216,2019-08-06,799501,1156600,1,0.0,0.0,0.0,799501.0,1156600.0,69.1251080753934
217,2019-08-07,819376,1182473,1,0.0,0.0,0.0,819376.0,1182473.0,69.29342149884184
218,2019-08-08,790990,1144326,1,0.0,0.0,0.0,790990.0,1144326.0,69.12278494065502
219,2019-08-09,772228,1110257,1,0.0,0.0,0.0,772228.0,1110257.0,69.55398614915286
220,2019-08-10,762591,1058461,1,0.0,0.0,0.0,762591.0,1058461.0,72.04715147747531
221,2019-08-11,708746,969996,1,0.0,0.0,0.0,708746.0,969996.0,73.06689924494533
222,2019-08-12,777457,1121714,1,0.0,0.0,0.0,777457.0,1121714.0,69.30973492351883
223,2019-08-13,793479,1147204,1,0.0,0.0,0.0,793479.0,1147204.0,69.16633833215366
224,2019-08-14,777833,1124181,1,0.0,0.0,0.0,777833.0,1124181.0,69.19108221896651
225,2019-08-15,772260,1111752,1,0.0,0.0,0.0,772260.0,1111752.0,69.46333354920881
226,2019-08-16,743354,1064996,1,0.0,0.0,0.0,743354.0,1064996.0,69.79875980754858
227,2019-08-17,708353,976993,1,0.0,0.0,0.0,708353.0,976993.0,72.50338538761281
228,2019-08-18,738258,1014388,1,0.0,0.0,0.0,738258.0,1014388.0,72.77866063084343
229,2019-08-19,806655,1167906,1,0.0,0.0,0.0,806655.0,1167906.0,69.06848667615373
230,2019-08-20,847279,1682311,1,697373.0,1476174.0,1.0,697373.0,1476174.0,47.24192405502332
